315595
177537
498502
112086
326226
302496
193623
71094
12568
210557
92051
362888
185182
420781
367115
285513
88428
478693
132662
462291
111886
186782
43751
320059
90309
22526
361587
173719
330309
191935
313674
10825
455285
400280
372924
406557
191654
308640
287748
265026
137535
124315
225820
113857
402225
493053
14996
267833
43539
401046
494573
33474
469700
9089
341920
391869
267069
442680
449503
312969
68935
108901
91071
20910
53471
308222
469831
177228
205315
492175
472790
338323
494152
383416
168350
331191
122083
147754
340090
263924
205797
301320
375261
291767
275897
291786
255910
41297
359786
498079
177268
485630
173225
443272
227348
206714
108867
62828
154458
363053
391437
346894
4902
421607
461166
385478
21330
189094
352170
364757
112139
134528
336516
238747
311859
118223
88562
414822
383461
467240
53945
91114
49548
244882
96623
447946
49545
22083
278648
386248
155971
89492
169478
105073
255077
453183
314462
50767
195428
27309
250642
215861
498781
405802
242826
447224
68774
195003
463679
458747
356788
309169
171644
468014
62388
365293
323239
416576
199142
374912
417611
161231
276131
489565
274655
165212
309736
180319
378255
206951
246173
347372
486367
163878
418902
369537
477088
15962
178435
331327
140751
115192
355565
312287
295305
330219
23778
174393
225671
120453
357523
428092
140754
365526
68882
418362
69301
294105
183079
403380
251891
244798
438525
176571
224722
481766
21149
486480
94604
333561
293220
337557
180512
310140
405576
9629
41937
487401
325675
115619
201746
61011
134220
128924
165833
76118
174004
60830
442077
47140
465021
199510
23701
171187
367984
397342
272453
343112
446817
27396
151831
23096
97739
360083
360877
438900
291217
35343
461373
400187
142974
271832
492389
357840
419485
216631
235313
280357
134546
374510
251944
323405
153873
69363
237787
181230
394057
390148
334257
66752
10778
279921
150410
469705
490452
143311
400411
448056
298764
442009
471866
274580
364194
288380
12929
223266
323151
260602
186157
468568
414767
424543
186268
296593
436277
466751
334233
103389
326926
36026
203364
333466
466863
405476
242275
378375
208524
485893
493988
432074
194442
227371
123344
392212
441419
456856
279143
299435
74439
449857
225197
102837
449826
381293
441244
142476
336613
332140
61408
203660
137644
358335
141693
448100
413290
195014
248952
347403
417185
304815
287369
163022
228213
356898
442203
360428
9307
337389
219255
218911
58519
407341
162428
123115
171357
187847
273277
280961
197912
199066
257684
328766
475458
361175
200040
415936
67170
30234
42124
81950
162110
150864
5841
269953
47687
73258
315571
429661
487111
285420
498426
276771
257730
165342
215001
245904
35519
443870
32317
218093
413315
197268
306738
409321
443118
465556
95393
129292
448933
296681
251921
306405
409712
265945
101038
226947
213956
483027
310028
347695
360083
173448
258496
278348
78248
281029
347402
213228
418136
365694
180016
227107
193195
387778
367136
215139
346877
472607
392117
352786
54668
194966
295453
229691
25170
114344
417095
7823
431856
39035
334522
250106
108997
285808
61095
335584
299793
27989
28172
76251
9811
217588
416111
308696
260065
431935
48849
454027
54009
258499
71579
279686
2290
383341
424355
458411
493485
252567
135711
50376
253925
292805
381444
41482
330799
258490
85525
469279
295242
220318
470960
327957
225973
419849
266312
276944
340033
183595
119646
289462
433444
203389
56308
221923
150093
200694
416682
201815
195088
180225
70128
130066
43408
214699
128642
148778
212430
59604
247534
353204
121787
392536
37045
196942
1698
110339
651
94590
71243
134038
87447
69325
299443
450529
469690
110593
241336
188006
261891
132437
34179
218164
86927
13054
477340
215299
480780
381208
3675
340020
352976
322565
276155
109055
386184
114015
185433
445465
428189
201217
159010
304318
455098
454550
295798
166286
426532
221199
452178
16590
266214
358249
89651
168267
93857
160964
201929
274284
24370
276367
137406
120751
121573
77080
478209
467831
409358
364131
87906
180186
94395
600
158210
349809
312628
271532
219519
143714
250830
380774
381205
288028
373832
322768
61610
252199
173631
46074
73925
99085
336136
215756
347202
128393
4880
266142
139696
473116
453222
196343
12428
335719
418586
485750
28467
225162
291236
343319
359717
325021
363458
186924
290792
58060
28828
489883
142412
297488
481081
92890
96520
170823
466449
195334
136609
75974
198555
187362
65558
217521
45757
307314
5490
286631
394865
117684
224010
284680
30701
248145
321158
110633
418529
485538
423187
253000
139438
373309
118466
478673
310131
300132
86303
45174
127632
429286
455534
349817
362592
114944
288027
405315
201922
494220
45000
160471
255705
30304
362844
278278
264680
414992
429380
394515
158917
226104
376114
54931
54872
134942
262319
486326
355205
155930
145729
425179
455824
319639
127686
44333
419128
292360
474055
30515
292321
142555
413867
95494
221265
196706
413287
338436
103802
159053
66906
335732
285496
84884
73828
238040
454052
276088
16470
26932
402532
225688
191324
394822
182144
266175
355829
435739
164345
325060
487419
37984
293510
206944
154569
131918
379384
497608
93286
390573
97899
496180
401131
212114
364432
249177
404496
178255
36622
295496
455094
96883
216184
374580
19593
473163
381837
279411
91922
248975
258923
497122
427426
481202
339471
201751
467490
239743
115896
198146
352539
279280
378316
497741
481216
267534
481936
57813
25725
152175
290096
265483
450605
270276
215991
271334
356208
8338
400461
71255
239238
128418
184546
330883
84805
139393
99111
97536
163420
440169
235551
201985
89616
484463
203728
422244
307663
188306
438591
392427
232478
406989
449223
214620
167165
298324
450996
351034
188728
367478
477052
271407
270053
155555
35618
90991
46495
231745
4667
457513
321371
710
15193
104236
227484
63634
4324
363540
177059
390223
218329
218278
24607
24816
45551
297019
120543
420685
428607
481807
244450
110156
113105
268394
381055
173784
230616
319662
458669
80787
357818
288870
216650
442122
196526
89488
316667
312001
163971
401483
499739
490490
63519
116121
11817
303717
55405
203730
442039
274067
184502
104173
220472
478099
62013
235382
428449
21696
345813
489493
141634
66891
342640
454728
305435
449992
96717
377213
173131
209313
77860
409501
312462
369281
402557
33612
475396
248789
377573
371203
415565
78251
228655
309051
466092
417545
447712
291260
291374
427463
17433
442711
203866
18192
373074
77415
71955
302980
127241
162078
200896
203187
193096
304901
83446
94047
47315
161594
384799
117060
370183
346410
412040
413989
146684
154685
261515
162650
415922
405148
278500
131483
340284
116827
228213
192284
269301
495852
377611
490228
117392
264280
25719
378438
300990
428585
494139
464743
204758
171
270440
103866
109642
162904
47975
373767
374255
271650
169067
416167
276287
478772
446417
178252
273201
173341
311402
398313
372938
62769
411198
12576
207215
365704
390688
183643
