171	
600	
651	
710	
1698	
2290	
3675	
4324	
4667	
4880	
4902	
5490	
5841	
7823	
8338	
9089	
9307	
9629	
9811	
10778	
10825	
11817	
12428	
12568	
12576	
12929	
13054	
14996	
15193	
15962	
16470	
16590	
17433	
18192	
19593	
20910	
21149	
21330	
21696	
22083	
22526	
23096	
23701	
23778	
24370	
24607	
24816	
25170	
25719	
25725	
26932	
27309	
27396	
27989	
28172	
28467	
28828	
30234	
30304	
30515	
30701	
32317	
33474	
33612	
34179	
35343	
35519	
35618	
36026	
36622	
37045	
37984	
39035	
41297	
41482	
41937	
42124	
43408	
43539	
43751	
44333	
45000	
45174	
45551	
45757	
46074	
46495	
47140	
47315	
47687	
47975	
48849	
49545	
49548	
50376	
50767	
53471	
53945	
54009	
54668	
54872	
54931	
55405	
56308	
57813	
58060	
58519	
59604	
60830	
61011	
61095	
61408	
61610	
62013	
62388	
62769	
62828	
63519	
63634	
65558	
66752	
66891	
66906	
67170	
68774	
68882	
68935	
69301	
69325	
69363	
70128	
71094	
71243	
71255	
71579	
71955	
73258	
73828	
73925	
74439	
75974	
76118	
76251	
77080	
77415	
77860	
78248	
78251	
80787	
81950	
83446	
84805	
84884	
85525	
86303	
86927	
87447	
87906	
88428	
88562	
89488	
89492	
89616	
89651	
90309	
90991	
91071	
91114	
91922	
92051	
92890	
93286	
93857	
94047	
94395	
94590	
94604	
95393	
95494	
96520	
96623	
96717	
96883	
97536	
97739	
97899	
99085	
99111	
101038	
102837	
103389	
103802	
103866	
104173	
104236	
105073	
108867	
108901	
108997	
109055	
109642	
110156	
110339	
110593	
110633	
111886	
112086	
112139	
113105	
113857	
114015	
114344	
114944	
115192	
115619	
115896	
116121	
116827	
117060	
117392	
117684	
118223	
118466	
119646	
120453	
120543	
120751	
121573	
121787	
122083	
123115	
123344	
124315	
127241	
127632	
127686	
128393	
128418	
128642	
128924	
129292	
130066	
131483	
131918	
132437	
132662	
134038	
134220	
134528	
134546	
134942	
135711	
136609	
137406	
137535	
137644	
139393	
139438	
139696	
140751	
140754	
141634	
141693	
142412	
142476	
142555	
142974	
143311	
143714	
145729	
146684	
147754	
148778	
150093	
150410	
150864	
151831	
152175	
153873	
154458	
154569	
154685	
155555	
155930	
155971	
158210	
158917	
159010	
159053	
160471	
160964	
161231	
161594	
162078	
162110	
162428	
162650	
162904	
163022	
163420	
163878	
163971	
164345	
165212	
165342	
165833	
166286	
167165	
168267	
168350	
169067	
169478	
170823	
171187	
171357	
171644	
173131	
173225	
173341	
173448	
173631	
173719	
173784	
174004	
174393	
176571	
177059	
177228	
177268	
177537	
178252	
178255	
178435	
180016	
180186	
180225	
180319	
180512	
181230	
182144	
183079	
183595	
183643	
184502	
184546	
185182	
185433	
186157	
186268	
186782	
186924	
187362	
187847	
188006	
188306	
188728	
189094	
191324	
191654	
191935	
192284	
193096	
193195	
193623	
194442	
194966	
195003	
195014	
195088	
195334	
195428	
196343	
196526	
196706	
196942	
197268	
197912	
198146	
198555	
199066	
199142	
199510	
200040	
200694	
200896	
201217	
201746	
201751	
201815	
201922	
201929	
201985	
203187	
203364	
203389	
203660	
203728	
203730	
203866	
204758	
205315	
205797	
206714	
206944	
206951	
207215	
208524	
209313	
210557	
212114	
212430	
213228	
213956	
214620	
214699	
215001	
215139	
215299	
215756	
215861	
215991	
216184	
216631	
216650	
217521	
217588	
218093	
218164	
218278	
218329	
218911	
219255	
219519	
220318	
220472	
221199	
221265	
221923	
223266	
224010	
224722	
225162	
225197	
225671	
225688	
225820	
225973	
226104	
226947	
227107	
227348	
227371	
227484	
228213	
228213	
228655	
229691	
230616	
231745	
232478	
235313	
235382	
235551	
237787	
238040	
238747	
239238	
239743	
241336	
242275	
242826	
244450	
244798	
244882	
245904	
246173	
247534	
248145	
248789	
248952	
248975	
249177	
250106	
250642	
250830	
251891	
251921	
251944	
252199	
252567	
253000	
253925	
255077	
255705	
255910	
257684	
257730	
258490	
258496	
258499	
258923	
260065	
260602	
261515	
261891	
262319	
263924	
264280	
264680	
265026	
265483	
265945	
266142	
266175	
266214	
266312	
267069	
267534	
267833	
268394	
269301	
269953	
270053	
270276	
270440	
271334	
271407	
271532	
271650	
271832	
272453	
273201	
273277	
274067	
274284	
274580	
274655	
275897	
276088	
276131	
276155	
276287	
276367	
276771	
276944	
278278	
278348	
278500	
278648	
279143	
279280	
279411	
279686	
279921	
280357	
280961	
281029	
284680	
285420	
285496	
285513	
285808	
286631	
287369	
287748	
288027	
288028	
288380	
288870	
289462	
290096	
290792	
291217	
291236	
291260	
291374	
291767	
291786	
292321	
292360	
292805	
293220	
293510	
294105	
295242	
295305	
295453	
295496	
295798	
296593	
296681	
297019	
297488	
298324	
298764	
299435	
299443	
299793	
300132	
300990	
301320	
302496	
302980	
303717	
304318	
304815	
304901	
305435	
306405	
306738	
307314	
307663	
308222	
308640	
308696	
309051	
309169	
309736	
310028	
310131	
310140	
311402	
311859	
312001	
312287	
312462	
312628	
312969	
313674	
314462	
315571	
315595	
316667	
319639	
319662	
320059	
321158	
321371	
322565	
322768	
323151	
323239	
323405	
325021	
325060	
325675	
326226	
326926	
327957	
328766	
330219	
330309	
330799	
330883	
331191	
331327	
332140	
333466	
333561	
334233	
334257	
334522	
335584	
335719	
335732	
336136	
336516	
336613	
337389	
337557	
338323	
338436	
339471	
340020	
340033	
340090	
340284	
341920	
342640	
343112	
343319	
345813	
346410	
346877	
346894	
347202	
347372	
347402	
347403	
347695	
349809	
349817	
351034	
352170	
352539	
352786	
352976	
353204	
355205	
355565	
355829	
356208	
356788	
356898	
357523	
357818	
357840	
358249	
358335	
359717	
359786	
360083	
360083	
360428	
360877	
361175	
361587	
362592	
362844	
362888	
363053	
363458	
363540	
364131	
364194	
364432	
364757	
365293	
365526	
365694	
365704	
367115	
367136	
367478	
367984	
369281	
369537	
370183	
371203	
372924	
372938	
373074	
373309	
373767	
373832	
374255	
374510	
374580	
374912	
375261	
376114	
377213	
377573	
377611	
378255	
378316	
378375	
378438	
379384	
380774	
381055	
381205	
381208	
381293	
381444	
381837	
383341	
383416	
383461	
384799	
385478	
386184	
386248	
387778	
390148	
390223	
390573	
390688	
391437	
391869	
392117	
392212	
392427	
392536	
394057	
394515	
394822	
394865	
397342	
398313	
400187	
400280	
400411	
400461	
401046	
401131	
401483	
402225	
402532	
402557	
403380	
404496	
405148	
405315	
405476	
405576	
405802	
406557	
406989	
407341	
409321	
409358	
409501	
409712	
411198	
412040	
413287	
413290	
413315	
413867	
413989	
414767	
414822	
414992	
415565	
415922	
415936	
416111	
416167	
416576	
416682	
417095	
417185	
417545	
417611	
418136	
418362	
418529	
418586	
418902	
419128	
419485	
419849	
420685	
420781	
421607	
422244	
423187	
424355	
424543	
425179	
426532	
427426	
427463	
428092	
428189	
428449	
428585	
428607	
429286	
429380	
429661	
431856	
431935	
432074	
433444	
435739	
436277	
438525	
438591	
438900	
440169	
441244	
441419	
442009	
442039	
442077	
442122	
442203	
442680	
442711	
443118	
443272	
443870	
445465	
446417	
446817	
447224	
447712	
447946	
448056	
448100	
448933	
449223	
449503	
449826	
449857	
449992	
450529	
450605	
450996	
452178	
453183	
453222	
454027	
454052	
454550	
454728	
455094	
455098	
455285	
455534	
455824	
456856	
457513	
458411	
458669	
458747	
461166	
461373	
462291	
463679	
464743	
465021	
465556	
466092	
466449	
466751	
466863	
467240	
467490	
467831	
468014	
468568	
469279	
469690	
469700	
469705	
469831	
470960	
471866	
472607	
472790	
473116	
473163	
474055	
475396	
475458	
477052	
477088	
477340	
478099	
478209	
478673	
478693	
478772	
480780	
481081	
481202	
481216	
481766	
481807	
481936	
483027	
484463	
485538	
485630	
485750	
485893	
486326	
486367	
486480	
487111	
487401	
487419	
489493	
489565	
489883	
490228	
490452	
490490	
492175	
492389	
493053	
493485	
493988	
494139	
494152	
494220	
494573	
495852	
496180	
497122	
497608	
497741	
498079	
498426	
498502	
498781	
499739	
UseTime=1390100ns